 E:\FPGA\FinalProject_1\doc\GAMEOVER.BMP(0)

0000000000000000000000000000000000000000000000000000000000000000;
0000000000000000000000000000000000000000000000000000000000000000;
0000000000000000000000000000000000000000000000000000000000000000;
0000000000000000000000000000000000000000000000000000000000000000;
0000000000000000000000000000000000000000000000000000000000000000;
0000000000000000000000000000000000000000000000000000000000000000;
0000000000000000000000000000000000000000000000000000000000000000;
0000000000000000000000000000000000000000000000000000000000000000;
0000000000000000000000000000000000000000000000000000000000000000;
0000000000000000000000000000000000000000000000000000000000000000;
03C00018000C3000FF0003C000C3000FF000FC0007E0003C000C3000FF0007E0;
00C3000FF000FE000E700066000E7000C0000E7000C3000C0000C7000C0000C3;
000E7000C0000C3000C3000C0000C3000C0000C3000FF000C0000C3000C3000C;
0000C3000C0000C3000FF000FC000C3000C3000FC000C7000CF000C3000DB000;
FC000C3000C3000FC000FE000CF000FF000DB000C0000C3000C3000C0000FC00;
0C3000FF000C3000C0000C3000C3000C0000C6000E7000C3000C3000C0000E70;
0066000C0000C30007F000C3000C3000FF0007E0003C000FF000C30003B000C3;
000C3000FF0003C00018000FF000C30000000000000000000000000000000000;
0000000000000000000000000000000000000000000000000000000000000000;
0000000000000000000000000000000000000000000000000000000000000000;
0000000000000000000000000000000000000000000000000000000000000000;
0000000000000000000000000000000000000000000000000000000000000000;
0000000000000000000000000000000000000000000000000000000000000000;
0000000000000000000000000000000000000000000000000000000000000000;
0000000000000000000000000000000000000000000000000000000000000000;
0000000000000000000000000000000000000000000000000000000000000000;
0000000000000000000000000000000000000000000000000000000000000000;
0000000000000000000000000000000000000000000000000000000000000000;
0000000000000000000000000000000000000000000000000000000000000000;
0000000000000000000000000000000000000000000000000000000000000000;
0000000000000000000000000000000000000000000000000000000000000000;
0000000000000000000000000000000000000000000000000000000000000000;
0000000000000000000000000000000000000000000000000000000000000000;
0000000000000000000000000000000000000000000000000000000000000000;
0000000000000000000000000000000000000000000000000000000000000000;
0000000000000000000000000000000000000000000000000000000000000000;
0000000000000000000000000000000000000000000000000000000000000000;
0000000000000000000000000000000000000000000000000000000000000000;
0000000000000000000000000000000000000000000000000000000000000000;
0000000000000000000000000000000000000000000000000000000000000000;
0000000000000000000000000000000000000000000000000000000000000000;
0000000000000000000000000000000000000000000000000000000000000000;
0000000000000000000000000000000000000000000000000000000000000000;
0000000000000000000000000000000000000000000000000000000000000000;
0000000000000000000000000000000000000000000000000000000000000000;
0000000000000000000000000000000000000000000000000000000000000000;
0000000000000000000000000000000000000000000000000000000000000000;
0000000000000000000000000000000000000000000000000000000000000000;
0000000000000000000000000000000000000000000000000000000000000000;
0000000000000000000000000000000000000000000000000000000000000000;
0000000000000000000000000000000000000000000000000000000000000000;
0000000000000000000000000000000000000000000000000000000000000000;
0000000000000000000000000000000000000000000000000000000000000000;
0000000000000000000000000000000000000000000000000000000000000000;
0000000000000000000000000000000000000000000000000000000000000000;
0000000000000000000000000000000000000000000000000000000000000000;
0000000000000000000000000000000000000000000000000000000000000000;
0000000000000000000000000000000000000000000000000000000000000000;
0000000000000000000000000000000000000000000000000000000000000000;
0000000000000000000000000000000000000000000000000000000000000000;
0000000000000000000000000000000000000000000000000000000000000000;
0000000000000000000000000000000000000000000000000000000000000000;
0000000000000000000000000000000000000000000000000000000000000000;
0000000000000000000000000000000000000000000000000000000000000000;
0000000000000000000000000000000000000000000000000000000000000000;
0000000000000000000000000000000000000000000000000000000000000000;
0000000000000000000000000000000000000000000000000000000000000000;
0000000000000000000000000000000000000000000000000000000000000000;
0000000000000000000000000000000000000000000000000000000000000000;
0000000000000000000000000000000000000000000000000000000000000000;
0000000000000000000000000000000000000000000000000000000000000000;
0000000000000000000000000000000000000000000000000000000000000000;
0000000000000000000000000000000000000000000000000000000000000000;
0000000000000000000000000000000000000000000000000000000000000000;
0000000000000000000000000000000000000000000000000000000000000000;/*E:\FPGA\FinalProject_1\doc\GAMEOVER.BMP0*/

